intrinsic:
389.17205810546875 0.0 311.5715026855469 
0.0 388.8065490722656 240.4031219482422 
0.0 0.0 1.0 
distortion:
-0.05391478165984154 0.05559799075126648 0.00026193397934548557 0.0010808210354298353 -0.017885582521557808 
