intrinsic:
392.3622131347656 0.0 322.4628601074219 
0.0 391.86163330078125 239.52688598632812 
0.0 0.0 1.0 
distortion:
-0.05449822172522545 0.059748753905296326 -0.0010033397702500224 0.0007594149792566895 -0.01984778791666031 
