intrinsic:
393.4613952636719 0.0 320.3974609375 
0.0 392.9256896972656 242.60446166992188 
0.0 0.0 1.0 
distortion:
-0.049526914954185486 0.059897273778915405 -0.00021951521921437234 0.001230817404575646 -0.021024052053689957 
