{
  "created": "2026-06-11 07:47:39",
  "world_frame": "cam0 color optical frame (= optimized_3cam_extrinsics.json world)",
  "units": "meters; 2D in pixels on 640x480 color (undistortion applied only inside DLT)",
  "landmark_order": "MediaPipe Hands 21 (0=wrist, 4=thumb_tip, 8=index_tip, ...)",
  "palm_frame": "T_world_palm (4,4) from triangulated keypoints, NaN if no 3D.\n\n    origin = wrist (kpt 0); x = wrist->middle_MCP (9); z = unit cross(wrist->index_MCP(5),\n    wrist->ring_MCP(13)) orthogonalized — points out of the PALM for a right hand\n    (out of the back for a left hand); y = z × x.\n    ",
  "extrinsics": "/home/initial/workspace/PoseRigFusion_ws/src/multi_camera_extrinsic_calib/output/result/optimized_3cam_extrinsics.json",
  "intrinsics_session": "/home/initial/workspace/PoseRigFusion_ws/src/multi_camera_extrinsic_calib/output/d405_3cam/20260502_235440_189",
  "cameras": [
    {
      "idx": 0,
      "serial": "130322270922",
      "K": [
        [
          389.17205810546875,
          0.0,
          311.5715026855469
        ],
        [
          0.0,
          388.8065490722656,
          240.4031219482422
        ],
        [
          0.0,
          0.0,
          1.0
        ]
      ],
      "D": [
        -0.05391478165984154,
        0.05559799075126648,
        0.00026193397934548557,
        0.0010808210354298353,
        -0.017885582521557808
      ],
      "R_world2cam": [
        [
          1.0,
          0.0,
          0.0
        ],
        [
          0.0,
          1.0,
          0.0
        ],
        [
          0.0,
          0.0,
          1.0
        ]
      ],
      "t_world2cam": [
        0.0,
        0.0,
        0.0
      ],
      "ir_left": {
        "width": 640,
        "height": 480,
        "fx": 382.2078552246094,
        "fy": 382.2078552246094,
        "ppx": 314.1148681640625,
        "ppy": 239.71070861816406,
        "model": "distortion.brown_conrady",
        "coeffs": [
          0.0,
          0.0,
          0.0,
          0.0,
          0.0
        ]
      },
      "stereo_baseline_m": 0.017956266179680824,
      "ir_left_to_color": {
        "R": [
          0.9999927282333374,
          0.003764217020943761,
          -0.0006320110405795276,
          -0.0037638451904058456,
          0.9999927282333374,
          0.0005885169957764447,
          0.0006342217675410211,
          -0.0005861339159309864,
          0.9999996423721313
        ],
        "T": [
          6.123287676018663e-06,
          -1.902313124446664e-05,
          6.004792885505594e-05
        ]
      }
    },
    {
      "idx": 1,
      "serial": "230422271452",
      "K": [
        [
          392.3622131347656,
          0.0,
          322.4628601074219
        ],
        [
          0.0,
          391.86163330078125,
          239.52688598632812
        ],
        [
          0.0,
          0.0,
          1.0
        ]
      ],
      "D": [
        -0.05449822172522545,
        0.059748753905296326,
        -0.0010033397702500224,
        0.0007594149792566895,
        -0.01984778791666031
      ],
      "R_world2cam": [
        [
          -0.995956679760623,
          -0.07630838524845432,
          0.04740593191752952
        ],
        [
          -0.08963430194957775,
          0.8793443044762528,
          -0.4676743376530157
        ],
        [
          -0.005998662701626564,
          -0.4700325781538429,
          -0.8826286826972278
        ]
      ],
      "t_world2cam": [
        0.006048397526288093,
        0.09064087047395937,
        0.4195717099226051
      ],
      "ir_left": {
        "width": 640,
        "height": 480,
        "fx": 386.5749816894531,
        "fy": 386.5749816894531,
        "ppx": 324.9861145019531,
        "ppy": 239.0024871826172,
        "model": "distortion.brown_conrady",
        "coeffs": [
          0.0,
          0.0,
          0.0,
          0.0,
          0.0
        ]
      },
      "stereo_baseline_m": 0.017979593947529793,
      "ir_left_to_color": {
        "R": [
          0.9999881982803345,
          -0.002569500356912613,
          -0.004122680053114891,
          0.0025752580258995295,
          0.9999957084655762,
          0.0013918644981458783,
          0.00411908607929945,
          -0.0014024650445207953,
          0.9999905228614807
        ],
        "T": [
          0.00024253294395748526,
          -1.93065370694967e-05,
          0.0003803012368734926
        ]
      }
    },
    {
      "idx": 2,
      "serial": "353322271600",
      "K": [
        [
          393.4613952636719,
          0.0,
          320.3974609375
        ],
        [
          0.0,
          392.9256896972656,
          242.60446166992188
        ],
        [
          0.0,
          0.0,
          1.0
        ]
      ],
      "D": [
        -0.049526914954185486,
        0.059897273778915405,
        -0.00021951521921437234,
        0.001230817404575646,
        -0.021024052053689957
      ],
      "R_world2cam": [
        [
          -0.21209361671757498,
          0.08573384110346231,
          0.9734813846383015
        ],
        [
          0.2872383545406384,
          0.957612049042071,
          -0.021755257071170042
        ],
        [
          -0.934082665200701,
          0.27500703994460296,
          -0.2277294503406677
        ]
      ],
      "t_world2cam": [
        -0.2236848138414824,
        -0.015768586842066112,
        0.3159219917789067
      ],
      "ir_left": {
        "width": 640,
        "height": 480,
        "fx": 389.4574279785156,
        "fy": 389.4574279785156,
        "ppx": 320.73583984375,
        "ppy": 241.16331481933594,
        "model": "distortion.brown_conrady",
        "coeffs": [
          0.0,
          0.0,
          0.0,
          0.0,
          0.0
        ]
      },
      "stereo_baseline_m": 0.018038034439086914,
      "ir_left_to_color": {
        "R": [
          0.9999905824661255,
          -0.003652304643765092,
          -0.0023351958952844143,
          0.0036532366648316383,
          0.9999932646751404,
          0.00039499212289229035,
          0.0023337374441325665,
          -0.0004035194288007915,
          0.9999971985816956
        ],
        "T": [
          -9.897691597871017e-06,
          -4.7241574208101156e-08,
          9.999999747378752e-06
        ]
      }
    }
  ],
  "mediapipe": {
    "min_detection_confidence": 0.5,
    "min_tracking_confidence": 0.5,
    "max_num_hands": 1
  },
  "retarget_hint": "dex-retargeting: joint_pos = (R_palm.T @ (kpts3d_world - wrist).T).T then @ OPERATOR2MANO_RIGHT; Bidex-style PyBullet IK targets: kpts [3,4 | 6,8 | 10,12 | 14,16 | 18,20] in palm frame",
  "raw_video": {
    "files": [
      "cam0.avi",
      "cam1.avi",
      "cam2.avi"
    ],
    "codec": "MJPG",
    "note": "frame index k corresponds to take.npz row k; container is nominal 30 fps — true per-frame timestamps are t_wall"
  },
  "ir_stereo": {
    "files": [
      "cam0_irL.avi",
      "cam0_irR.avi",
      "cam1_irL.avi",
      "cam1_irR.avi",
      "cam2_irL.avi",
      "cam2_irR.avi"
    ],
    "codec": "MJPG mono (Y8)",
    "emitter": "OFF",
    "note": "rectified stereo pair, frame k = take.npz row k; inputs for Fast-FoundationStereo depth"
  }
}